{"columns":["ablelist","casteist","communal","political","queerphobic","racist","sexist"],"index":["ablelist","casteist","communal","political","queerphobic","racist","sexist"],"data":[[0,27,59,121,19,11,128],[27,0,176,98,71,228,284],[59,176,0,796,77,48,836],[121,98,796,0,83,34,423],[19,71,77,83,0,30,396],[11,228,48,34,30,0,148],[128,284,836,423,396,148,0]]}