{"columns":["ablelist","casteist","communal","political","queerphobic","racist","sexist"],"index":["ablelist","casteist","communal","political","queerphobic","racist","sexist"],"data":[[0.0,0.3298,0.7207,1.4781,0.2321,0.1344,1.5636],[0.3298,0.0,2.15,1.1972,0.8673,2.7852,3.4693],[0.7207,2.15,0.0,9.7239,0.9406,0.5864,10.2126],[1.4781,1.1972,9.7239,0.0,1.0139,0.4153,5.1674],[0.2321,0.8673,0.9406,1.0139,0.0,0.3665,4.8375],[0.1344,2.7852,0.5864,0.4153,0.3665,0.0,1.808],[1.5636,3.4693,10.2126,5.1674,4.8375,1.808,0.0]]}